{
 "cells": [
  {
   "cell_type": "markdown",
   "metadata": {},
   "source": [
    "# Distances\n",
    "\n",
    "In the last section we reviewed vectors and looked at their `inner products` a fundamental measure of similarity.\n",
    "\n",
    "Another important measure on vectors are distances, essentially the distane between two points in $R^N$. This seems straight forward to calculate in cartesian space. \n",
    "\n",
    "However, there are various definitons of distance, each are calculated differently and have different impact on the performance of an algorihm.\n"
   ]
  },
  {
   "cell_type": "markdown",
   "metadata": {},
   "source": [
    "#### First Up - Building a grid\n",
    "\n"
   ]
  },
  {
   "cell_type": "code",
   "execution_count": 36,
   "metadata": {
    "collapsed": false
   },
   "outputs": [
    {
     "data": {
      "text/plain": [
       "100"
      ]
     },
     "execution_count": 36,
     "metadata": {},
     "output_type": "execute_result"
    }
   ],
   "source": [
    "var X = [];\n",
    "var step = 0.01;\n",
    "\n",
    "// build a 2d array of coordinates\n",
    "for (var i = 0; i <= 1; i += step) {\n",
    "    var x = [];\n",
    "    for (var j = 0; j <= 1; j += step) {\n",
    "        x.push([i, j])\n",
    "    }\n",
    "    X.push(x)\n",
    "}\n"
   ]
  },
  {
   "cell_type": "markdown",
   "metadata": {},
   "source": [
    "#### Euclidean Distance\n",
    "\n",
    "Also known as the `L2 Distance`, this is well known distance between two vectors that we all learn in school.\n",
    "\n",
    "$$d_{a,b} = \\sqrt{\\sum_{i=0}^{N-1} (a_i - b_i)^2}$$\n",
    "\n",
    "An interesting way to visualise this distance measure is to hold one point constant, $A$ and vary the other over a range. This allows us to plot the distance function.\n",
    "\n",
    "This distance measure produces a smooth function."
   ]
  },
  {
   "cell_type": "code",
   "execution_count": 32,
   "metadata": {
    "collapsed": false
   },
   "outputs": [
    {
     "data": {
      "text/html": [
       "<div class='plotly-plot'><div id='notebook-plot-1506613621298'></div><script>function plot(){Plotly.plot('notebook-plot-1506613621298',[{\"z\":[[0.4242640687119285,0.41725292090050126,0.4103656905736638,0.40360872141221127,0.3969886648255842,0.3905124837953327,0.38418745424597095,0.37802116342871595,0.3720215047547655,0.3661966684720111,0.36055512754639896,0.35510561809129404,0.34985711369071804,0.34481879299133333,0.33999999999999997,0.33541019662496846,0.33105890714493696,0.3269556544854363,0.32310988842807026,0.3195309061734091,0.31622776601683794,0.3132091952673165,0.31048349392520047,0.3080584360149872,0.3059411708155671,0.30413812651491096,0.3026549190084311,0.3014962686336267,0.30066592756745814,0.30016662039607267,0.3,0.30016662039607267,0.3006659275674582,0.3014962686336267,0.30265491900843117,0.304138126514911,0.3059411708155671,0.3080584360149873,0.3104834939252005,0.31320919526731655,0.316227766016838,0.3195309061734092,0.3231098884280703,0.3269556544854364,0.3310589071449371,0.33541019662496857,0.34000000000000014,0.3448187929913335,0.34985711369071815,0.3551056180912942,0.36055512754639907,0.3661966684720112,0.37202150475476564,0.3780211634287161,0.38418745424597106,0.3905124837953329,0.3969886648255843,0.4036087214122115,0.410365690573664,0.41725292090050153,0.42426406871192873,0.4313930922024601,0.4386342439892264,0.44598206241955546,0.45343136195018563,0.46097722286464465,0.46861498055439954,0.47634021455258246,0.48414873747640846,0.49203658400570205,0.5000000000000003,0.5080354318352218,0.5161395160225579,0.5243090691567335,0.5325410782277743,0.5408326913195988,0.5491812087098397,0.5575840743780264,0.5660388679233966,0.5745432968889295,0.5830951894845304,0.5916924876994809,0.6003332407921458,0.6090155991434049,0.6177378084592204,0.6264982043070838,0.635295206970744,0.6441273166075171,0.6529931086925808,0.661891229734917,0.6708203932499374,0.679779375974294,0.6887670143089031,0.6977822009767809,0.7068238818828921,0.7158910531638182,0.7249827584156748,0.7340980860893187,0.7432361670424824,0.7523961722390677],[0.41725292090050126,0.41012193308819755,0.40311288741492746,0.396232255123179,0.3894868418830089,0.38288379438153297,0.3764306044943742,0.37013511046643494,0.36400549446402586,0.3580502757993631,0.35227829907617075,0.3466987164671943,0.3413209633175202,0.3361547262794322,0.33120990323358385,0.32649655434629016,0.32202484376209234,0.3178049716414141,0.3138470965295043,0.3101612483854164,0.30675723300355934,0.3036445290137795,0.30083217912982646,0.2983286778035259,0.29614185789921693,0.2942787793912432,0.2927456233660889,0.291547594742265,0.2906888370749727,0.29017236257093815,0.29,0.29017236257093815,0.2906888370749727,0.29154759474226505,0.29274562336608895,0.29427877939124325,0.296141857899217,0.298328677803526,0.3008321791298265,0.3036445290137796,0.3067572330035594,0.31016124838541653,0.3138470965295044,0.31780497164141414,0.32202484376209245,0.32649655434629027,0.331209903233584,0.3361547262794323,0.3413209633175204,0.34669871646719447,0.35227829907617086,0.35805027579936327,0.3640054944640261,0.3701351104664351,0.37643060449437443,0.3828837943815331,0.38948684188300914,0.39623225512317917,0.4031128874149277,0.4101219330881978,0.41725292090050153,0.4244997055358227,0.43185645763378394,0.4393176527297762,0.44687805943008685,0.45453272709454073,0.4622769732530491,0.4701063709417266,0.4780167361086851,0.48600411520891496,0.4940647730814253,0.5021951811795891,0.5103920062069941,0.518652099195598,0.5269724850502162,0.5353503525729673,0.5437830449729013,0.5522680508593635,0.5608029957123984,0.5693856338194708,0.5780138406647374,0.5866856057549056,0.5953990258641683,0.604152298679729,0.6129437168288786,0.621771662268393,0.6306346010171029,0.6395310782127798,0.6484597134749395,0.6574191965557445,0.6664082832618459,0.6754257916307318,0.6844705983459046,0.6935416353759886,0.7026378868236474,0.7117583859709703,0.7209022125087429,0.7300684899377597,0.7392563831310494,0.7484650960465697],[0.4103656905736638,0.40311288741492746,0.3959797974644666,0.3889730067755345,0.382099463490856,0.37536648758246915,0.3687817782917155,0.36235341863986875,0.3560898762952971,0.35,0.34409301068170506,0.3383784863137726,0.33286633954186473,0.327566787083184,0.32249030993194194,0.3176476034853718,0.3130495168499705,0.3087069808086626,0.3046309242345563,0.3008321791298264,0.29732137494637007,0.2941088233970548,0.2912043955712207,0.2886173937932362,0.286356421265527,0.2844292530665578,0.28284271247461895,0.2816025568065744,0.280713376952364,0.28017851452243797,0.27999999999999997,0.28017851452243797,0.280713376952364,0.2816025568065745,0.282842712474619,0.2844292530665578,0.2863564212655271,0.28861739379323625,0.29120439557122074,0.2941088233970549,0.2973213749463701,0.3008321791298265,0.3046309242345564,0.3087069808086627,0.3130495168499706,0.3176476034853719,0.3224903099319421,0.3275667870831841,0.3328663395418649,0.33837848631377276,0.34409301068170517,0.3500000000000001,0.3560898762952972,0.3623534186398689,0.36878177829171566,0.3753664875824694,0.38209946349085616,0.3889730067755347,0.3959797974644668,0.4031128874149277,0.410365690573664,0.4177319714841087,0.4252058325093862,0.4327817001676483,0.4404543109109051,0.4482186966202997,0.45607017003965544,0.4640043103248075,0.47201694884823814,0.48010415536631246,0.4882622246293485,0.4964876634922567,0.5047771785649589,0.5131276644267003,0.5215361924162122,0.5300000000000004,0.5385164807134508,0.5470831746635976,0.5556977595779926,0.5643580423808989,0.5730619512757765,0.5818075283115546,0.5905929224093364,0.5994163828258288,0.6082762530298224,0.6171709649683793,0.6260990336999416,0.6350590523722975,0.6440496875241851,0.6530696746902283,0.6621178142898744,0.6711929677819939,0.6802940540677984,0.6894200461257278,0.6985699678629197,0.7077428911688204,0.7169379331573974,0.7261542535852838,0.73539105243401,0.7446475676452592],[0.40360872141221127,0.396232255123179,0.3889730067755345,0.3818376618407357,0.37483329627982626,0.367967389859482,0.36124783736376886,0.354682957019364,0.34828149534535996,0.34205262752974136,0.3360059523282289,0.3301514803843836,0.32449961479175904,0.3190611226708764,0.3138470965295043,0.30886890422961005,0.30413812651491096,0.29966648127543394,0.29546573405388316,0.291547594742265,0.2879236009777594,0.2846049894151541,0.2816025568065745,0.27892651361962706,0.2765863337187866,0.2745906043549196,0.2729468812791236,0.2716615541441225,0.2707397274136177,0.27018512172212594,0.27,0.27018512172212594,0.2707397274136177,0.2716615541441225,0.27294688127912364,0.27459060435491967,0.27658633371878666,0.2789265136196271,0.28160255680657453,0.2846049894151542,0.28792360097775943,0.2915475947422651,0.29546573405388327,0.29966648127543405,0.3041381265149111,0.30886890422961016,0.31384709652950443,0.3190611226708765,0.3244996147917592,0.33015148038438374,0.336005952328229,0.3420526275297415,0.3482814953453601,0.3546829570193642,0.3612478373637691,0.36796738985948213,0.3748332962798264,0.38183766184073586,0.3889730067755347,0.3962322551231792,0.40360872141221155,0.41109609582188955,0.4186884283091667,0.42638011210655713,0.4341658669218485,0.4420407221060072,0.45000000000000034,0.4580392996239518,0.46615448083226696,0.4743416490252572,0.48259714048054647,0.4909175083453434,0.4992995093127975,0.5077400909914446,0.5162363799656127,0.5247856705360775,0.5333854141237838,0.5420332093147066,0.550726792520575,0.559464029227975,0.5682429058070153,0.5770615218501407,0.5859180830116105,0.5948108943185225,0.6037383539249437,0.6126989472816161,0.6216912416947826,0.6307138812488596,0.639765582068933,0.6488451279003339,0.6579513659838397,0.6670832032063172,0.6762396025078691,0.6854195795277522,0.6946221994724908,0.7038465741907115,0.7130918594402833,0.7223572523343286,0.7316419889536143,0.7409453421137087],[0.3969886648255842,0.3894868418830089,0.382099463490856,0.37483329627982626,0.36769552621700474,0.3606937759374287,0.3538361202590827,0.34713109915419565,0.340587727318528,0.33421549934136807,0.3280243893371345,0.3220248437620924,0.31622776601683794,0.31064449134018135,0.30528675044947495,0.3001666203960727,0.295296461204668,0.2906888370749727,0.2863564212655271,0.2823118842698621,0.2785677655436824,0.2751363298439521,0.2720294101747089,0.2692582403567252,0.26683328128252665,0.26476404589747454,0.2630589287593181,0.261725046566048,0.260768096208106,0.2601922366251538,0.26,0.2601922366251538,0.260768096208106,0.26172504656604806,0.26305892875931813,0.2647640458974746,0.2668332812825267,0.26925824035672524,0.27202941017470894,0.27513632984395214,0.27856776554368246,0.28231188426986215,0.2863564212655272,0.2906888370749728,0.2952964612046681,0.30016662039607284,0.3052867504494751,0.3106444913401815,0.3162277660168381,0.32202484376209256,0.3280243893371347,0.33421549934136824,0.3405877273185282,0.3471310991541958,0.35383612025908284,0.3606937759374289,0.3676955262170049,0.3748332962798265,0.3820994634908563,0.3894868418830092,0.39698866482558437,0.40459856648287845,0.4123105625617663,0.42011903075200036,0.4280186911806542,0.43600458713183315,0.44407206622349066,0.45221676218380086,0.46043457732885384,0.468721665810319,0.47707441767506287,0.4854894437575346,0.49396356140913916,0.5024937810560449,0.5110772935672259,0.5197114584074517,0.5283937925449167,0.5371219600798318,0.5458937625582476,0.5547071299343469,0.5635601121442152,0.5724508712544688,0.5813776741499457,0.590338885725818,0.5993329625508683,0.6083584469702057,0.6174139616173258,0.6264982043070838,0.6356099432828286,0.6447480127925953,0.6539113089708731,0.6630987860040166,0.672309452558865,0.68154236845555,0.6907966415668223,0.7000714249274861,0.7093659140387285,0.7186793443532385,0.7280109889280524,0.7373601562330316],[0.3905124837953327,0.38288379438153297,0.37536648758246915,0.367967389859482,0.3606937759374287,0.3535533905932738,0.34655446902326914,0.33970575502926054,0.3330165161069342,0.32649655434629016,0.32015621187164245,0.31400636936215165,0.3080584360149873,0.3023243291566195,0.2968164415931166,0.291547594742265,0.28653097563788804,0.28178005607210743,0.27730849247724093,0.2731300056749532,0.2692582403567252,0.26570660511172844,0.26248809496813374,0.25961509971494334,0.2570992026436488,0.2549509756796392,0.2531797780234432,0.25179356624028343,0.25079872407968906,0.2501999200639361,0.25,0.2501999200639361,0.25079872407968906,0.25179356624028343,0.25317977802344327,0.25495097567963926,0.2570992026436489,0.25961509971494345,0.2624880949681338,0.2657066051117285,0.26925824035672524,0.2731300056749533,0.27730849247724104,0.2817800560721075,0.28653097563788815,0.29154759474226516,0.29681644159311676,0.3023243291566196,0.3080584360149874,0.3140063693621518,0.32015621187164256,0.3264965543462903,0.3330165161069344,0.33970575502926076,0.3465544690232693,0.35355339059327395,0.3606937759374289,0.3679673898594822,0.37536648758246943,0.3828837943815332,0.390512483795333,0.39824615503479777,0.4060788100849393,0.41400483088968926,0.42201895692018415,0.43011626335213166,0.4382921400162228,0.4465422712353224,0.4548626166217667,0.46324939287601913,0.47169905660283057,0.4802082881417191,0.48877397639399783,0.49739320461783587,0.5060632371552002,0.5147815070493504,0.5235456045083374,0.532353266168247,0.5412023651093928,0.5500909015790031,0.5590169943749478,0.5679788728465175,0.5769748694700667,0.5860034129593449,0.5950630218724741,0.6041522986797291,0.6132699242584789,0.6224146527838179,0.6315853069855256,0.6407807737440322,0.6500000000000005,0.6592419889539809,0.6685057965343313,0.6777905281132223,0.6870953354520759,0.6964194138592065,0.7057619995437561,0.7151223671512454,0.7244998274671988,0.7338937252763514],[0.38418745424597095,0.3764306044943742,0.3687817782917155,0.36124783736376886,0.3538361202590827,0.34655446902326914,0.33941125496954283,0.3324154027718932,0.3255764119219941,0.31890437438203945,0.3124099870362662,0.30610455730027936,0.3,0.29410882339705485,0.2884441020371191,0.2830194339616981,0.2778488797889961,0.2729468812791236,0.2683281572999748,0.26400757564888166,0.26,0.2563201123595259,0.25298221281347033,0.24999999999999997,0.2473863375370596,0.24515301344262524,0.2433105012119288,0.24186773244895649,0.2408318915758459,0.24020824298928625,0.24,0.24020824298928628,0.24083189157584592,0.24186773244895649,0.24331050121192882,0.2451530134426253,0.24738633753705966,0.25000000000000006,0.2529822128134704,0.256320112359526,0.26000000000000006,0.2640075756488818,0.26832815729997483,0.2729468812791237,0.2778488797889962,0.28301943396169826,0.2884441020371193,0.294108823397055,0.30000000000000016,0.3061045573002795,0.3124099870362663,0.3189043743820396,0.32557641192199427,0.3324154027718934,0.339411254969543,0.3465544690232693,0.35383612025908284,0.3612478373637691,0.3687817782917157,0.3764306044943745,0.38418745424597117,0.3920459156782534,0.40000000000000024,0.4080441152620636,0.4161730409336965,0.4243819034784592,0.432666153055679,0.44102154142399924,0.449444101084885,0.4579301256742128,0.4664761515876244,0.4750789408087885,0.48373546489791336,0.49244289008980563,0.501198563445667,0.5100000000000003,0.5188448708429143,0.527730992078351,0.53665631459995,0.54561891462815,0.5546169849544823,0.5636488268416785,0.5727128425310545,0.5818075283115547,0.5909314681077668,0.6000833275471004,0.6092618484691131,0.6184658438426496,0.6276941930590091,0.6369458375717677,0.646219776856141,0.6555150646628959,0.6648308055437869,0.6741661516273275,0.6835202996254031,0.6928924880528008,0.7022819946431781,0.711688133946324,0.7211102550927984,0.7305477397131558],[0.37802116342871595,0.37013511046643494,0.36235341863986875,0.354682957019364,0.34713109915419565,0.33970575502926054,0.3324154027718932,0.3252691193458118,0.3182766092567909,0.3114482300479487,0.3047950130825634,0.29832867780352595,0.2920616373302046,0.28600699292150183,0.28017851452243797,0.2745906043549196,0.2692582403567252,0.2641968962724581,0.25942243542145693,0.2549509756796392,0.250798724079689,0.24698178070456933,0.24351591323771837,0.2404163056034261,0.23769728648009422,0.23537204591879637,0.233452350598575,0.23194827009486402,0.23086792761230387,0.23021728866442673,0.22999999999999998,0.23021728866442676,0.2308679276123039,0.23194827009486402,0.23345235059857505,0.2353720459187964,0.23769728648009428,0.2404163056034262,0.24351591323771846,0.24698178070456944,0.2507987240796891,0.2549509756796393,0.25942243542145704,0.26419689627245824,0.2692582403567253,0.2745906043549197,0.28017851452243814,0.286006992921502,0.2920616373302048,0.2983286778035261,0.3047950130825635,0.31144823004794886,0.31827660925679113,0.32526911934581204,0.3324154027718934,0.33970575502926076,0.3471310991541958,0.3546829570193642,0.362353418639869,0.37013511046643516,0.3780211634287162,0.3860051813123759,0.3940812099047609,0.4022437072223756,0.4104875150354761,0.4188078318274388,0.4272001872658769,0.43566041821583956,0.44418464629025656,0.45276925690687114,0.46141087980237344,0.47010637094172664,0.4788527957525155,0.48764741360946473,0.49648766349225676,0.5053711507397315,0.514295634824952,0.5232590180780455,0.532259335286851,0.5412947441089748,0.550363516232681,0.559464029227975,0.5685947590331804,0.577754273026172,0.586941223633168,0.5961543424315556,0.6053924347066129,0.6146543744251729,0.6239390995922603,0.633245607959503,0.6425729530566943,0.6519202405202654,0.6612866246946181,0.6706713054842891,0.6800735254367727,0.6894925670375285,0.6989277502002627,0.7083784299369941,0.717843994193725,0.7273238618387278],[0.3720215047547655,0.36400549446402586,0.3560898762952971,0.34828149534535996,0.340587727318528,0.3330165161069342,0.3255764119219941,0.3182766092567909,0.31112698372208086,0.30413812651491096,0.2973213749463701,0.2906888370749727,0.2842534080710379,0.2780287754891569,0.2720294101747089,0.26627053911388693,0.2607680962081059,0.2555386467836127,0.2505992817228333,0.24596747752497683,0.2416609194718914,0.23769728648009422,0.23409399821439247,0.23086792761230387,0.22803508501982755,0.22561028345356954,0.22360679774997894,0.22203603311174516,0.2209072203437452,0.22022715545545238,0.21999999999999997,0.2202271554554524,0.22090722034374521,0.22203603311174516,0.22360679774997896,0.22561028345356957,0.2280350850198276,0.23086792761230396,0.23409399821439256,0.2376972864800943,0.24166091947189153,0.24596747752497694,0.25059928172283347,0.2555386467836129,0.26076809620810604,0.26627053911388704,0.272029410174709,0.278028775489157,0.28425340807103805,0.29068883707497284,0.2973213749463703,0.3041381265149111,0.3111269837220811,0.31827660925679113,0.3255764119219943,0.33301651610693445,0.3405877273185282,0.3482814953453602,0.3560898762952973,0.36400549446402614,0.37202150475476575,0.38013155617496447,0.38832975677895226,0.3966106403010391,0.404969134626332,0.41340053217188805,0.42190046219458005,0.430464865000618,0.43908996800200334,0.44777226354476257,0.4565084884205335,0.465295604965274,0.4741307836451883,0.4830113870293333,0.4919349550499541,0.5008991914547282,0.5099019513592788,0.5189412298131653,0.5280151512977639,0.5371219600798318,0.5462600113499069,0.555427763079953,0.5646237685397246,0.5738466694161434,0.5830951894845305,0.5923681287847959,0.6016643582596534,0.6109828148156056,0.6203224967708334,0.6296824596572471,0.6390618123468188,0.6484597134749395,0.6578753681359416,0.6673080248281155,0.6767569726275457,0.686221538571911,0.695701085237044,0.7051950084905598,0.714702735408226,0.7242237223399969],[0.3661966684720111,0.3580502757993631,0.35,0.34205262752974136,0.33421549934136807,0.32649655434629016,0.31890437438203945,0.3114482300479487,0.30413812651491096,0.29698484809834996,0.29000000000000004,0.2831960451701259,0.2765863337187866,0.2701851217221259,0.2640075756488817,0.2580697580112788,0.25238858928247926,0.24698178070456936,0.24186773244895646,0.23706539182259392,0.2325940669922601,0.22847319317591722,0.2247220505424423,0.2213594362117865,0.21840329667841551,0.215870331449229,0.21377558326431947,0.21213203435596423,0.21095023109728983,0.21023796041628637,0.21,0.21023796041628637,0.21095023109728986,0.21213203435596426,0.2137755832643195,0.21587033144922904,0.21840329667841557,0.22135943621178658,0.22472205054244238,0.2284731931759173,0.23259406699226023,0.23706539182259406,0.2418677324489566,0.2469817807045695,0.25238858928247937,0.2580697580112789,0.26400757564888183,0.27018512172212605,0.27658633371878677,0.2831960451701261,0.29000000000000015,0.29698484809835013,0.3041381265149112,0.3114482300479489,0.31890437438203967,0.3264965543462904,0.3342154993413683,0.34205262752974164,0.35000000000000026,0.3580502757993634,0.3661966684720114,0.37443290453698136,0.382753184180093,0.3911521443121592,0.399624824053762,0.40816663263917136,0.41677331968349446,0.42544094772365326,0.43416586692184855,0.44294469180700236,0.4517742799230611,0.4606517122512412,0.4695742752749562,0.47853944456021635,0.48754486972995664,0.49658836071740586,0.5056678751908217,0.5147815070493504,0.5239274758971899,0.533104117410474,0.5423098745182503,0.5515432893255074,0.5608029957123984,0.5700877125495694,0.5793962374748394,0.5887274411814014,0.5980802621722277,0.6074537019394981,0.6168468205316459,0.6262587324740475,0.6356886030125132,0.6451356446515729,0.6545991139621262,0.6640783086353602,0.6735725647619569,0.6830812543175232,0.6926037828369123,0.7021395872616789,0.711688133946324,0.7212489168102791],[0.36055512754639896,0.35227829907617075,0.34409301068170506,0.3360059523282289,0.3280243893371345,0.32015621187164245,0.3124099870362662,0.3047950130825634,0.2973213749463701,0.29000000000000004,0.28284271247461906,0.2758622844826744,0.26907248094147423,0.2624880949681338,0.25612496949731395,0.25,0.24413111231467405,0.23853720883753127,0.23323807579381203,0.22825424421026655,0.22360679774997896,0.2193171219946131,0.21540659228538014,0.2118962010041709,0.208806130178211,0.20615528128088303,0.20396078054371142,0.20223748416156687,0.2009975124224178,0.20024984394500786,0.2,0.2002498439450079,0.20099751242241784,0.20223748416156687,0.20396078054371145,0.2061552812808831,0.20880613017821106,0.21189620100417098,0.21540659228538026,0.2193171219946132,0.22360679774997907,0.22825424421026666,0.23323807579381214,0.23853720883753138,0.24413111231467421,0.25000000000000017,0.2561249694973141,0.2624880949681339,0.2690724809414744,0.27586228448267464,0.2828427124746192,0.2900000000000002,0.2973213749463703,0.3047950130825636,0.3124099870362664,0.32015621187164267,0.32802438933713474,0.3360059523282291,0.34409301068170534,0.35227829907617103,0.3605551275463992,0.36891733491393464,0.37735924528226444,0.3858756276314951,0.3944616584663207,0.4031128874149278,0.41182520563948033,0.42059481689626216,0.42941821107167816,0.4382921400162229,0.4472135954999583,0.4561797891182821,0.4651881339845207,0.47423622805517546,0.4833218389437833,0.49244289008980563,0.5015974481593786,0.5107837115648858,0.5200000000000005,0.5292447448959701,0.5385164807134508,0.547813836992094,0.5571355310873651,0.5664803615307423,0.5758472019555192,0.5852349955359818,0.5946427498927407,0.6040695324215587,0.6135144660071192,0.6229767250869014,0.6324555320336764,0.6419501538281619,0.6514598989960938,0.6609841147864302,0.670522184569609,0.6800735254367728,0.6896375859826672,0.6992138442565341,0.7088018058667747,0.7184010022264731],[0.35510561809129404,0.3466987164671943,0.3383784863137726,0.3301514803843836,0.3220248437620924,0.31400636936215165,0.30610455730027936,0.29832867780352595,0.2906888370749727,0.2831960451701259,0.2758622844826744,0.26870057685088805,0.261725046566048,0.25495097567963926,0.24839484696748443,0.2420743687382041,0.23600847442411893,0.23021728866442676,0.2247220505424423,0.21954498400100148,0.21470910553583886,0.21023796041628637,0.206155281280883,0.20248456731316583,0.19924858845171273,0.196468827043885,0.194164878389476,0.19235384061671346,0.191049731745428,0.19026297590440447,0.19,0.1902629759044045,0.19104973174542803,0.19235384061671346,0.19416487838947602,0.19646882704388505,0.1992485884517128,0.20248456731316591,0.2061552812808831,0.21023796041628645,0.214709105535839,0.2195449840010016,0.22472205054244243,0.2302172886644269,0.23600847442411907,0.24207436873820423,0.24839484696748457,0.2549509756796394,0.26172504656604817,0.2687005768508882,0.2758622844826746,0.2831960451701261,0.29068883707497284,0.2983286778035262,0.3061045573002796,0.3140063693621518,0.3220248437620926,0.3301514803843838,0.3383784863137728,0.3466987164671946,0.3551056180912943,0.3635931792539571,0.3721558813185682,0.3807886552931957,0.38948684188300925,0.3982461550347979,0.4070626487409527,0.41593268686170876,0.42485291572496037,0.4338202392696776,0.44283179650969096,0.4518849411078005,0.46097722286464476,0.47010637094172675,0.47927027865287075,0.48846698967279295,0.4976946855251726,0.5069516742254635,0.5162363799656127,0.525547333738837,0.5348831648126537,0.5442425929675115,0.5536244214266568,0.5630275304103703,0.5724508712544689,0.5818934610390467,0.5913543776789012,0.6008327554319925,0.6103277807866856,0.6198386886924699,0.6293647591023831,0.638905313798532,0.6484597134749396,0.6580273550544846,0.6676076692189813,0.6772001181334811,0.6868041933477116,0.6964194138592066,0.7060453243241547,0.7156814934033162],[0.34985711369071804,0.3413209633175202,0.33286633954186473,0.32449961479175904,0.31622776601683794,0.3080584360149873,0.3,0.2920616373302046,0.2842534080710379,0.2765863337187866,0.26907248094147423,0.261725046566048,0.2545584412271571,0.24758836806279896,0.2408318915758459,0.23430749027719963,0.22803508501982758,0.22203603311174516,0.21633307652783934,0.21095023109728983,0.20591260281973997,0.20124611797498104,0.19697715603592206,0.19313207915827962,0.18973665961010275,0.18681541692269402,0.18439088914585774,0.18248287590894657,0.18110770276274832,0.18027756377319945,0.18,0.18027756377319948,0.18110770276274835,0.1824828759089466,0.18439088914585777,0.18681541692269407,0.1897366596101028,0.1931320791582797,0.19697715603592217,0.20124611797498115,0.20591260281974008,0.21095023109728997,0.21633307652783948,0.2220360331117453,0.22803508501982772,0.2343074902771998,0.24083189157584609,0.24758836806279913,0.2545584412271573,0.2617250465660482,0.26907248094147435,0.27658633371878677,0.2842534080710381,0.2920616373302049,0.3000000000000002,0.3080584360149875,0.31622776601683816,0.32449961479175926,0.332866339541865,0.34132096331752054,0.3498571136907183,0.3584689665786987,0.3671511950137167,0.37589892258425034,0.3847076812334272,0.3935733730830889,0.4024922359499625,0.41146081222882,0.4204759208325731,0.429534631898291,0.43863424398922657,0.4477722635447626,0.45694638635183493,0.466154480832267,0.4753945729601889,0.48466483264210575,0.4939635614091392,0.5032891812864653,0.5126402247190524,0.522015325445528,0.5314132102234573,0.5408326913195988,0.5502726596879046,0.5597320787662616,0.5692099788303088,0.578705451849212,0.5882176467941101,0.5977457653551387,0.6072890580275595,0.616846820531646,0.6264183905346336,0.6360031446463144,0.6456004956627595,0.6552098900352472,0.664830805543787,0.6744627491566905,0.6841052550594834,0.6937578828380985,0.7034202158027595,0.7130918594402833],[0.34481879299133333,0.3361547262794322,0.327566787083184,0.3190611226708764,0.31064449134018135,0.3023243291566195,0.29410882339705485,0.28600699292150183,0.2780287754891569,0.2701851217221259,0.2624880949681338,0.25495097567963926,0.24758836806279896,0.2404163056034262,0.23345235059857505,0.22671568097509268,0.2202271554554524,0.21400934559032697,0.2080865204668481,0.20248456731316586,0.19723082923316018,0.19235384061671343,0.18788294228055935,0.18384776310850234,0.18027756377319945,0.1772004514666935,0.1746424919657298,0.17262676501632068,0.17117242768623692,0.17029386365926402,0.17,0.17029386365926405,0.17117242768623692,0.17262676501632074,0.17464249196572987,0.17720045146669355,0.18027756377319953,0.18384776310850245,0.18788294228055943,0.19235384061671354,0.19723082923316032,0.202484567313166,0.20808652046684825,0.2140093455903271,0.22022715545545257,0.22671568097509284,0.23345235059857522,0.24041630560342636,0.24758836806279916,0.2549509756796395,0.2624880949681339,0.2701851217221261,0.2780287754891571,0.28600699292150206,0.2941088233970551,0.3023243291566197,0.31064449134018157,0.3190611226708766,0.32756678708318426,0.3361547262794325,0.3448187929913336,0.35355339059327406,0.3623534186398691,0.37121422386541203,0.3801315561749646,0.38910152916687474,0.39812058474788803,0.40718546143004697,0.41629316592997334,0.4254409477236533,0.434626276242015,0.4438468204234433,0.45310043036836806,0.4623851208678761,0.4716990566028306,0.48104053883222814,0.4904079934095696,0.49979995998399246,0.5092150822589611,0.5186520991955981,0.5281098370604361,0.5375872022286249,0.5470831746635976,0.5565968020030303,0.5661271941887269,0.5756735185849706,0.5852349955359817,0.5948108943185225,0.6044005294504635,0.6140032573203505,0.6236184731067551,0.633245607959503,0.6428841264178178,0.6525335240430186,0.6621933252457327,0.6718630812896336,0.68154236845555,0.6912307863514188,0.7009279563550028,0.7106335201775954],[0.33999999999999997,0.33120990323358385,0.32249030993194194,0.3138470965295043,0.30528675044947495,0.2968164415931166,0.2884441020371191,0.28017851452243797,0.2720294101747089,0.2640075756488817,0.25612496949731395,0.24839484696748443,0.2408318915758459,0.23345235059857505,0.2262741699796952,0.2193171219946131,0.212602916254693,0.206155281280883,0.19999999999999998,0.19416487838947596,0.18867962264113206,0.18357559750685817,0.17888543819998315,0.17464249196572978,0.1708800749063506,0.16763054614240208,0.1649242250247064,0.16278820596099705,0.161245154965971,0.16031219541881397,0.16,0.16031219541881397,0.161245154965971,0.1627882059609971,0.16492422502470647,0.16763054614240216,0.17088007490635068,0.1746424919657299,0.17888543819998326,0.18357559750685828,0.1886796226411322,0.1941648783894761,0.20000000000000012,0.20615528128088317,0.21260291625469316,0.21931712199461326,0.22627416997969538,0.23345235059857522,0.2408318915758461,0.24839484696748462,0.2561249694973141,0.26400757564888194,0.27202941017470905,0.28017851452243825,0.2884441020371194,0.2968164415931168,0.3052867504494752,0.31384709652950454,0.3224903099319422,0.3312099032335842,0.3400000000000003,0.3488552708502484,0.3577708763999667,0.3667424164178453,0.37576588456111903,0.38483762809787747,0.39395431207184456,0.40311288741492785,0.41231056256176646,0.42154477816716024,0.43081318457076073,0.44011362169330814,0.44944410108488503,0.4588027898781789,0.46818799642878545,0.4775981574503826,0.48703182647543725,0.49648766349225687,0.5059644256269411,0.5154609587543953,0.5249761899362679,0.5345091205957111,0.5440588203494182,0.5536244214266568,0.5632051136131494,0.5728001396647879,0.5824087911424419,0.5920304046246279,0.6016643582596535,0.6113100686231175,0.6209669878504015,0.630634601017103,0.6403124237432855,0.6500000000000006,0.6596969000988263,0.669402718847183,0.6791170738539863,0.6888396039717816,0.6985699678629198,0.7083078426785918],[0.33541019662496846,0.32649655434629016,0.3176476034853718,0.30886890422961005,0.3001666203960727,0.291547594742265,0.2830194339616981,0.2745906043549196,0.26627053911388693,0.2580697580112788,0.25,0.2420743687382041,0.23430749027719963,0.22671568097509268,0.2193171219946131,0.21213203435596426,0.2051828452868319,0.19849433241279205,0.19209372712298542,0.1860107523773827,0.18027756377319942,0.174928556845359,0.16999999999999996,0.16552945357246845,0.16155494421403507,0.15811388300841894,0.1552417469626002,0.15297058540778352,0.15132745950421556,0.15033296378372907,0.15,0.1503329637837291,0.15132745950421558,0.15297058540778358,0.15524174696260026,0.15811388300841903,0.16155494421403518,0.16552945357246854,0.1700000000000001,0.1749285568453591,0.1802775637731996,0.18601075237738288,0.19209372712298559,0.19849433241279224,0.2051828452868321,0.21213203435596442,0.21931712199461328,0.22671568097509287,0.23430749027719983,0.2420743687382043,0.25000000000000017,0.258069758011279,0.26627053911388715,0.27459060435491983,0.2830194339616983,0.29154759474226527,0.30016662039607295,0.3088689042296103,0.3176476034853721,0.32649655434629044,0.33541019662496874,0.3443835071544516,0.3534119409414461,0.36249137920783747,0.37161808352124126,0.3807886552931958,0.39000000000000035,0.39924929555354294,0.4085339643163103,0.41785164831552396,0.42720018726587694,0.43657759905886184,0.44598206241955557,0.4554119014694284,0.4648655719667788,0.47434164902525733,0.48383881613611823,0.49335585534176085,0.5028916384272067,0.5124451190127588,0.522015325445528,0.5316013544000809,0.5412023651093928,0.5508175741568169,0.5604462507680826,0.5700877125495695,0.5797413216254302,0.5894064811316555,0.5990826320300069,0.6087692502089775,0.6184658438426496,0.628171950981577,0.637887137352683,0.6476109943476877,0.6573431371817924,0.6670832032063173,0.6768308503607092,0.6865857557508754,0.696347614342148,0.7061161377563898],[0.33105890714493696,0.32202484376209234,0.3130495168499705,0.30413812651491096,0.295296461204668,0.28653097563788804,0.2778488797889961,0.2692582403567252,0.2607680962081059,0.25238858928247926,0.24413111231467405,0.23600847442411893,0.22803508501982758,0.2202271554554524,0.212602916254693,0.2051828452868319,0.1979898987322333,0.19104973174542797,0.18439088914585772,0.17804493814764852,0.1720465053408525,0.16643316977093234,0.16124515496597094,0.15652475842498523,0.15231546211727812,0.148660687473185,0.14560219778561034,0.1431782106327635,0.14142135623730948,0.140356688476182,0.13999999999999999,0.140356688476182,0.1414213562373095,0.14317821063276354,0.1456021977856104,0.1486606874731851,0.15231546211727823,0.15652475842498534,0.16124515496597105,0.16643316977093248,0.17204650534085264,0.17804493814764866,0.18439088914585786,0.19104973174542814,0.19798989873223347,0.2051828452868321,0.21260291625469316,0.2202271554554526,0.22803508501982778,0.23600847442411912,0.24413111231467424,0.2523885892824795,0.26076809620810615,0.2692582403567254,0.2778488797889963,0.28653097563788826,0.29529646120466824,0.30413812651491123,0.3130495168499708,0.32202484376209267,0.33105890714493724,0.34014702703389926,0.3492849839314599,0.3584689665786987,0.367695526217005,0.3769615364994156,0.3862641583165597,0.39560080889705,0.4049691346263321,0.41436698710201364,0.42379240200834223,0.43324358044868977,0.4427188724235735,0.4522167621838009,0.46173585522460825,0.47127486671792757,0.4808326112068528,0.4904079934095696,0.5000000000000004,0.5096076922496368,0.5192301994298872,0.5288667128870945,0.5385164807134508,0.5481788029466302,0.5578530272392546,0.5675385449465089,0.577234787586473,0.586941223633168,0.5966573556070524,0.6063827174318218,0.616116872029975,0.6258594091327545,0.6356099432828287,0.6453681120105027,0.6551335741663685,0.6649060083951722,0.6746851117373206,0.6844705983459047,0.6942621983083919,0.704059656563278],[0.3269556544854363,0.3178049716414141,0.3087069808086626,0.29966648127543394,0.2906888370749727,0.28178005607210743,0.2729468812791236,0.2641968962724581,0.2555386467836127,0.24698178070456936,0.23853720883753127,0.23021728866442676,0.22203603311174516,0.21400934559032697,0.206155281280883,0.19849433241279205,0.19104973174542797,0.18384776310850232,0.17691806012954128,0.17029386365926397,0.1640121946685672,0.15811388300841892,0.15264337522473742,0.14764823060233395,0.14317821063276348,0.13928388277184114,0.1360147050873544,0.1334166406412633,0.13152946437965904,0.13038404810405296,0.12999999999999998,0.13038404810405296,0.13152946437965904,0.13341664064126335,0.13601470508735444,0.13928388277184123,0.1431782106327636,0.14764823060233406,0.15264337522473756,0.15811388300841905,0.16401219466856737,0.17029386365926413,0.17691806012954148,0.1838477631085025,0.19104973174542816,0.19849433241279224,0.20615528128088323,0.21400934559032717,0.22203603311174538,0.23021728866442698,0.23853720883753143,0.24698178070456958,0.255538646783613,0.26419689627245835,0.2729468812791238,0.28178005607210765,0.2906888370749729,0.2996664812754342,0.3087069808086629,0.31780497164141436,0.32695565448543656,0.3361547262794325,0.3453983207834112,0.3546829570193643,0.36400549446402625,0.3733630940518897,0.3827531841800931,0.3921734310225519,0.4016217125604644,0.4110960958218897,0.4205948168962622,0.4301162633521317,0.4396589587396126,0.4492215489043245,0.4588027898781789,0.4684015371452152,0.4780167361086852,0.48764741360946484,0.4972926703662547,0.5069516742254635,0.51662365412358,0.5263078946776311,0.5360037313302963,0.5457105459856906,0.5554277630799531,0.5651548460377921,0.5748912940721929,0.5846366392897391,0.5943904440685437,0.6041522986797291,0.6139218191268336,0.6236986451805075,0.6334824385884747,0.6432728814430161,0.6530696746902284,0.6628725367670626,0.6726812023536861,0.6824954212300627,0.6923149572268397,0.7021395872616789],[0.32310988842807026,0.3138470965295043,0.3046309242345563,0.29546573405388316,0.2863564212655271,0.27730849247724093,0.2683281572999748,0.25942243542145693,0.2505992817228333,0.24186773244895646,0.23323807579381203,0.2247220505424423,0.21633307652783934,0.2080865204668481,0.19999999999999998,0.19209372712298542,0.18439088914585772,0.17691806012954128,0.16970562748477136,0.162788205960997,0.15620499351813305,0.14999999999999994,0.1442220510185595,0.138924439894498,0.1341640786499873,0.12999999999999995,0.1264911064067351,0.12369316876852976,0.12165525060596434,0.12041594578792292,0.11999999999999997,0.12041594578792293,0.12165525060596438,0.12369316876852982,0.1264911064067352,0.13000000000000003,0.13416407864998742,0.13892443989449813,0.14422205101855964,0.15000000000000008,0.1562049935181332,0.1627882059609972,0.16970562748477153,0.17691806012954148,0.1843908891458579,0.19209372712298564,0.2000000000000002,0.2080865204668483,0.21633307652783956,0.22472205054244254,0.2332380757938122,0.24186773244895668,0.2505992817228336,0.25942243542145715,0.268328157299975,0.2773084924772412,0.2863564212655273,0.2954657340538834,0.3046309242345566,0.3138470965295046,0.32310988842807054,0.3324154027718935,0.34176014981270153,0.3511409973215891,0.36055512754639923,0.37000000000000033,0.3794733192202059,0.3889730067755348,0.3984971769034259,0.4080441152620637,0.4176122603564224,0.42720018726587694,0.43680659335683153,0.4464302857109947,0.4560701700396556,0.46572524088780115,0.47539457296018894,0.4850773134253966,0.4947726750741197,0.504479930225178,0.514198405287298,0.5239274758971898,0.5336665625650537,0.5434151267677414,0.5531726674375737,0.5629387178015033,0.5727128425310546,0.5824946351684285,0.5922837157984343,0.6020797289396153,0.6118823416311346,0.6216912416947826,0.6315061361538783,0.641326749792959,0.6511528238439888,0.6609841147864302,0.6708203932499375,0.680661443009666,0.6905070600652833,0.7003570517957257],[0.3195309061734091,0.3101612483854164,0.3008321791298264,0.291547594742265,0.2823118842698621,0.2731300056749532,0.26400757564888166,0.2549509756796392,0.24596747752497683,0.23706539182259392,0.22825424421026655,0.21954498400100148,0.21095023109728983,0.20248456731316586,0.19416487838947596,0.1860107523773827,0.17804493814764852,0.17029386365926397,0.162788205960997,0.1555634918610404,0.14866068747318498,0.14212670403551889,0.13601470508735436,0.1303840481040529,0.1252996408614166,0.12083045973594565,0.11704699910719618,0.11401754250991374,0.11180339887498943,0.11045361017187255,0.10999999999999996,0.11045361017187258,0.11180339887498947,0.11401754250991379,0.11704699910719626,0.12083045973594575,0.12529964086141673,0.13038404810405302,0.1360147050873545,0.14212670403551902,0.14866068747318514,0.15556349186104057,0.1627882059609972,0.17029386365926416,0.1780449381476487,0.1860107523773829,0.1941648783894762,0.20248456731316605,0.21095023109729008,0.2195449840010017,0.22825424421026674,0.23706539182259417,0.24596747752497708,0.2549509756796395,0.26400757564888194,0.2731300056749535,0.2823118842698623,0.29154759474226527,0.30083217912982674,0.31016124838541675,0.3195309061734094,0.3289376840679708,0.33837848631377293,0.34785054261852205,0.3573513677041131,0.36687872655688314,0.3764306044943746,0.386005181312376,0.39560080889705,0.40521599178709